x i grader      x i radianer    sin(x)          cos(x)          
---------------------------------------------------------
0.0           0.000           0.000           1.000
15.0           0.262           0.259           0.966
30.0           0.524           0.500           0.866
45.0           0.785           0.707           0.707
60.0           1.047           0.866           0.500
75.0           1.309           0.966           0.259
90.0           1.571           1.000           0.000
105.0           1.833           0.966          -0.259
120.0           2.094           0.866          -0.500
135.0           2.356           0.707          -0.707
150.0           2.618           0.500          -0.866
165.0           2.880           0.259          -0.966
180.0           3.142           0.000          -1.000
---------------------------------------------------------
